52
181
12
22
38
105
91
100
176
110
52
23
54
136
88
100
63
0
10
15
83
22
101
123
120
191
169
82
114
20
6
160
31
75
92
159
44
11
90
46
98
25
153
137
184
105
6
183
125
143
44
19
67
169
37
3
145
24
199
48
195
146
183
105
160
156
69
113
30
181
32
9
69
21
123
162
3
145
113
108
64
31
197
197
106
164
133
127
74
101
194
185
146
170
160
65
2
68
143
66
111
100
178
98
175
7
57
50
36
44
138
4
79
79
4
179
174
105
52
38
123
60
93
17
66
32
164
192
78
154
35
81
182
85
68
197
14
77
96
37
162
107
85
10
68
117
146
36
13
192
25
171
27
183
80
168
59
195
61
75
177
86
46
170
113
81
48
24
29
4
179
59
23
76
160
129
147
26
7
26
42
123
18
50
192
194
158
21
74
12
37
61
47
80
32
22
104
45
99
158
92
39
77
157
126
87
100
174
4
120
110
76
108
186
48
111
77
87
134
110
175
36
161
27
7
44
178
175
76
153
183
141
71
54
80
187
180
152
174
25
111
103
74
111
100
125
189
88
179
146
16
156
152
35
48
24
125
176
71
81
47
85
170
169
73
36
167
88
3
122
56
155
96
31
17
8
81
9
5
147
10
101
52
109
153
40
144
199
97
104
124
76
176
45
85
133
16
182
156
29
19
176
59
121
179
14
92
98
7
65
24
46
99
142
53
71
163
41
98
130
169
108
16
118
167
126
165
11
105
159
22
165
154
159
28
41
154
122
9
11
31
129
70
92
194
99
164
38
65
163
151
55
31
72
142
152
187
5
22
15
81
171
114
64
80
182
121
35
104
48
180
5
191
157
123
145
30
66
18
46
132
100
62
94
189
109
172
53
72
11
199
16
38
111
61
48
49
152
172
48
161
2
151
80
70
101
175
100
142
168
34
190
156
68
58
77
155
87
76
57
86
113
15
39
66
174
35
184
115
186
135
5
175
26
190
164
51
155
69
101
89
111
75
151
185
159
119
176
73
68
14
96
178
42
131
98
111
138
175
156
67
45
71
115
13
111
161
49
17
129
49
166
6
40
95
83
72
140
15
16
192
91
77
4
191
48
8
68
165
39
61
146
10
186
120
142
192
57
184
99
89
0
151
107
175
45
176
178
153
98
42
139
16
115
23
16
161
130
57
0
152
27
21
173
48
189
165
3
45
94
66
70
84
73
136
100
74
16
37
122
1
49
118
173
154
25
8
163
79
46
61
151
62
191
24
57
116
90
162
195
160
22
12
99
50
48
184
196
105
18
12
29
17
105
142
136
9
186
61
20
68
82
90
21
13
139
31
166
164
36
88
161
195
129
107
140
116
81
118
20
40
183
7
154
4
53
42
96
41
45
80
39
82
94
32
187
59
27
110
166
163
96
71
85
79
113
132
62
182
116
95
99
22
190
158
14
70
184
199
86
167
37
99
111
81
13
170
183
118
166
35
42
44
168
99
157
112
0
96
187
42
7
106
94
83
140
103
93
16
125
70
165
190
130
70
161
115
4
122
77
115
103
195
21
15
15
133
189
53
2
58
48
54
156
121
77
86
23
120
167
72
5
47
91
28
149
148
133
60
105
112
146
44
68
6
31
129
87
146
30
58
130
148
41
169
52
85
16
88
16
72
168
147
54
30
111
79
58
138
157
157
94
145
100
20
67
155
165
144
23
126
46
151
100
174
168
48
97
23
135
116
9
74
125
142
81
21
33
154
71
154
174
150
1
18
9
138
41
116
70
87
145
70
197
193
171
11
138
104
87
15
182
134
47
33
167
114
104
47
123
129
175
29
120
160
103
113
26
88
184
122
27
10
64
153
82
38
106
98
42
0
78
147
132
77
169
71
49
8
159
110
35
139
196
52
121
140
42
148
14
158
40
126
103
182
129
113
113
189
156
7
76
8
76
19
81
69
40
150
120
18
174
68
73
180
77
140
34
75
158
118
145
33
70
36
29
129
102
125
121
198
28
8
86
196
166
35
75
7
172
45
111
49
7
118
110
133
70
101
122
133
97
19
58
181
6
165
17
17
186
49
169
144
121
14
105
151
37
128
97
199
86
58
161
6
10
112
186
41
114
48
127
149
19
17
119
23
133
121
60
11
141
1
60
114
138
172
199
126
55
178
84
48
136
75
79
85
5
74
122
186
187
173
112
186
62
110
136
104
164
127
8
104
146
71
78
199
147
112
178
140
147
169
127
5
55
187
27
86
131
108
83
169
122
162
188
42
95
183
182
6
148
111
106
121
73
119
182
168
157
58
47
183
96
148
2
174
147
142
148
25
135
32
165
39
143
33
58
158
146
195
12
43
38
192
134
167
120
115
136
148
24
116
138
178
90
161
145
183
61
59
98
176
172
135
77
190
122
21
58
177
46
53
178
105
152
24
179
37
30
177
99
146
10
79
51
38
30
182
105
11
4
148
138
189
169
70
39
193
158
141
116
134
53
50
84
54
111
85
160
183
117
131
37
140
181
164
106
90
109
113
65
96
17
28
57
185
81
183
101
3
166
112
130
195
147
114
3
18
10
63
172
15
114
175
19
157
33
117
198
194
189
119
61
58
179
132
186
125
174
27
46
143
55
4
99
1
32
172
171
130
98
25
9
68
81
51
58
72
65
40
119
65
122
134
189
54
141
183
106
60
65
188
78
137
189
190
104
175
91
18
49
119
32
37
11
143
29
139
127
64
15
63
120
19
178
29
125
124
178
73
185
12
159
108
69
167
66
80
33
134
145
163
27
41
61
175
132
135
183
31
183
160
40
138
196
178
61
106
165
127
8
2
101
102
8
117
153
142
77
133
19
114
35
71
43
97
64
100
166
15
125
141
82
22
73
119
142
12
62
131
168
175
58
19
141
105
46
42
41
179
103
184
121
171
199
91
116
114
150
176
95
57
129
155
191
156
195
112
58
72
141
71
121
159
34
166
124
47
43
147
29
148
49
199
24
155
78
100
163
113
52
117
100
71
191
66
10
115
42
177
120
94
123
111
77
33
2
183
73
91
129
63
93
79
126
123
122
131
98
196
75
0
109
105
48
113
10
163
136
59
0
149
73
140
115
164
176
112
191
79
124
71
107
72
50
151
94
168
115
146
84
4
102
157
129
153
54
193
95
158
81
190
52
48
119
99
91
166
176
144
77
191
76
96
122
15
32
92
85
76
2
26
90
144
172
78
26
89
20
16
66
78
33
95
171
57
65
161
92
24
78
94
97
128
70
129
115
192
154
198
163
132
199
113
136
59
15
116
11
141
28
47
129
154
18
43
18
41
115
38
74
171
46
9
20
99
88
51
97
74
181
66
132
81
173
55
174
75
188
74
186
176
101
129
37
100
192
148
92
44
44
90
98
54
59
77
78
42
60
122
124
174
115
148
192
16
167
198
152
2
49
186
186
157
162
62
5
43
120
15
26
168
16
116
89
189
53
54
156
168
72
6
15
15
193
146
180
47
51
26
94
131
99
163
102
171
59
79
30
34
116
109
95
36
76
23
171
146
110
115
44
142
36
159
82
166
163
162
28
167
46
68
41
12
89
61
158
93
84
172
199
174
142
139
170
104
89
9
64
52
22
54
85
169
7
16
53
147
20
147
165
35
69
126
58
190
96
48
174
85
118
149
17
60
50
95
178
16
180
50
142
89
168
6
29
140
132
162
71
123
182
44
79
42
163
142
54
40
44
102
90
157
59
66
12
37
157
97
79
93
90
110
129
86
47
176
11
186
24
132
36
161
134
145
189
102
145
29
146
159
137
176
5
115
94
32
105
62
133
33
109
152
27
52
92
16
95
87
89
32
195
166
165
37
124
187
47
25
109
187
29
189
104
159
96
14
131
125
71
61
129
19
143
123
26
174
98
189
162
163
139
9
3
194
171
198
132
191
142
178
191
176
56
48
164
58
22
74
63
14
39
167
17
162
115
123
72
174
137
85
75
84
150
30
66
104
33
35
27
0
145
121
164
2
165
139
11
132
141
194
101
142
86
1
46
182
178
116
22
130
171
12
189
50
148
0
161
80
96
45
140
24
156
5
48
125
101
77
192
82
164
107
140
176
120
114
133
0
118
134
194
112
107
139
131
173
168
150
43
45
149
69
147
149
47
134
93
83
4
29
79
148
19
176
16
101
92
101
168
99
149
70
4
95
170
85
7
182
62
81
110
92
92
117
28
97
101
86
43
28
146
185
164
185
164
107
186
63
5
52
114
173
46
104
64
136
34
162
87
129
79
37
195
97
9
68
182
70
148
167
53
16
153
119
141
137
87
115
134
51
23
78
65
103
58
39
19
181
124
72
82
151
46
75
64
109
164
13
119
37
156
198
160
10
145
92
198
178
162
61
61
152
28
35
122
70
77
71
156
79
119
162
61
49
175
158
71
38
165
89
189
24
113
45
144
150
83
186
198
120
183
159
51
196
117
121
51
89
196
163
141
9
132
27
106
72
178
14
128
81
128
144
182
44
194
10
124
12
98
64
197
174
130
135
176
87
59
3
156
161
41
16
148
123
100
89
77
100
77
49
148
90
53
116
181
1
76
176
47
2
158
148
32
85
141
25
197
105
157
89
168
177
27
100
130
128
181
89
13
13
195
159
115
131
138
184
119
121
22
151
117
95
67
67
107
152
42
85
153
187
44
169
118
28
149
153
165
4
79
12
136
119
2
14
50
145
137
45
121
47
83
126
109
30
101
130
154
13
141
168
149
98
170
171
30
198
140
148
57
149
33
11
58
1
60
97
50
14
50
1
9
73
68
92
120
158
44
111
194
17
21
130
24
102
56
132
164
199
30
158
59
174
134
15
131
15
43
96
125
152
5
6
3
147
138
173
184
0
3
160
143
96
180
81
106
61
6
145
68
40
136
70
72
12
160
162
82
150
188
17
117
166
19
114
112
133
28
198
23
62
44
61
57
88
77
191
199
145
104
74
13
62
7
118
136
117
179
156
13
169
178
162
166
39
63
98
178
137
158
71
21
91
180
124
160
41
24
23
20
25
20
132
79
95
105
63
34
142
143
61
97
137
17
130
47
177
19
103
179
192
8
167
44
110
115
166
105
128
138
66
184
76
1
82
136
132
115
43
157
80
130
171
126
197
16
170
144
183
108
21
186
87
153
199
64
90
113
65
105
162
34
32
87
152
41
87
156
101
55
109
66
28
68
24
65
88
50
173
104
123
193
41
155
194
184
66
134
47
140
10
65
114
46
179
49
147
37
129
37
176
155
63
26
180
163
173
29
113
178
37
97
87
166
55
2
136
59
63
43
125
11
76
75
47
6
140
169
4
168
173
165
108
141
33
180
97
87
74
114
15
92
115
27
128
111
51
196
94
189
89
78
147
73
33
190
190
135
64
128
69
27
27
146
83
114
66
184
135
18
1
108
27
145
108
123
151
195
125
48
13
185
190
187
126
54
195
13
120
57
164
173
106
44
111
5
6
163
97
189
23
27
77
31
126
142
68
50
174
89
132
4
98
88
31
167
79
169
28
170
183
69
111
151
186
79
11
124
169
113
144
16
3
77
190
25
151
169
3
26
69
40
96
49
158
77
81
188
189
42
138
198
46
62
144
1
166
93
156
83
198
152
147
183
138
29
56
73
100
118
158
111
33
78
0
87
98
161
93
114
3
184
5
78
59
156
80
120
109
190
41
133
120
188
94
179
56
163
111
6
187
45
18
99
172
60
153
125
44
87
75
34
176
22
128
142
143
91
120
64
146
142
158
32
7
64
75
109
101
12
94
168
167
144
56
173
117
62
79
108
147
39
146
177
136
73
121
108
185
191
82
26
101
127
0
162
87
64
52
86
166
188
30
175
189
190
124
135
129
163
138
105
132
59
61
104
29
30
106
15
143
32
104
21
58
155
3
28
196
130
89
195
142
104
133
112
188
146
67
181
164
121
88
36
154
146
147
158
14
114
44
199
27
58
91
115
165
146
188
136
69
7
132
96
58
112
17
176
131
48
154
178
30
111
26
16
111
52
70
52
29
99
12
82
10
123
28
76
162
124
144
68
18
21
135
68
172
146
14
116
99
66
114
130
119
16
87
149
182
84
18
100
32
47
111
145
81
198
27
168
186
143
154
29
77
147
74
57
30
139
189
27
7
120
20
137
103
27
24
54
151
114
70
108
127
141
80
92
136
46
184
34
195
37
48
12
46
23
74
7
101
197
121
94
62
108
90
46
157
55
10
197
127
68
199
180
123
91
43
178
59
194
110
130
185
184
9
185
54
118
131
155
189
184
60
187
95
191
112
140
58
80
79
18
86
101
53
181
147
170
37
47
49
196
94
12
2
161
132
68
98
65
199
39
161
44
195
39
18
46
7
159
61
159
97
105
43
134
187
45
189
62
150
98
194
100
93
130
109
163
18
150
95
198
77
82
122
122
130
75
44
193
162
138
8
189
17
8
156
162
100
154
125
30
189
11
137
74
19
179
162
21
128
165
104
192
11
118
159
118
196
198
185
83
62
137
59
21
131
107
120
103
50
159
109
141
185
156
76
185
126
189
2
144
160
132
0
151
122
165
11
6
76
125
75
128
121
102
107
194
183
79
136
74
94
132
173
65
15
126
102
134
1
84
137
90
180
159
122
152
94
37
109
16
35
149
99
109
159
103
68
170
180
114
130
32
169
143
186
155
73
52
192
183
69
114
78
26
83
148
181
1
149
59
42
54
153
141
5
41
61
155
92
135
116
82
77
104
67
149
142
111
52
74
64
97
163
105
0
103
34
186
148
91
161
104
115
84
108
11
176
63
61
57
151
15
27
103
84
141
87
199
177
53
181
53
21
31
124
68
50
119
136
118
143
90
110
55
132
24
135
81
196
68
142
81
83
109
151
150
193
14
63
37
65
78
89
71
68
60
99
175
191
35
86
56
55
116
136
28
55
42
166
145
43
128
165
155
63
170
57
76
45
129
63
82
161
91
197
81
9
117
25
137
52
143
123
185
143
86
107
63
184
70
46
96
153
152
15
189
50
49
19
81
194
12
165
192
140
118
53
100
179
81
76
167
178
82
152
114
27
161
39
60
110
108
173
149
142
15
159
172
103
16
79
142
155
128
67
110
95
170
23
161
101
83
140
183
122
184
120
170
88
149
106
149
108
170
93
123
182
91
162
166
194
181
32
4
21
61
47
59
99
102
129
149
166
83
80
145
180
94
129
142
19
101
58
101
197
111
108
55
64
30
43
49
190
77
160
123
64
0
6
80
47
165
173
147
110
187
183
125
149
135
72
68
29
173
116
156
153
143
70
188
75
145
40
166
39
155
92
93
100
72
123
87
93
157
168
38
37
147
27
164
79
100
160
27
74
37
172
133
117
7
189
63
77
8
188
195
5
100
68
20
179
14
66
91
161
101
57
100
98
0
147
144
50
106
79
160
141
187
147
148
40
75
81
144
184
0
29
70
153
38
57
106
128
96
42
101
182
63
40
4
83
177
141
173
133
147
141
143
116
11
144
53
2
104
62
79
108
15
191
22
107
133
27
30
5
23
154
60
135
69
61
106
133
134
77
134
46
41
177
79
163
116
144
1
52
43
48
58
73
168
38
1
36
1
30
188
118
63
160
10
181
9
185
72
15
136
2
26
156
113
178
28
104
114
14
163
178
16
59
9
94
2
94
54
80
55
198
149
54
12
84
55
22
194
122
20
138
121
65
185
189
165
194
129
63
66
39
39
194
95
99
175
39
84
182
56
123
132
148
2
157
65
9
66
159
118
85
158
5
153
194
108
172
130
78
128
23
182
188
45
85
138
117
145
25
126
114
179
178
88
24
11
81
128
45
68
149
163
89
60
25
146
120
165
58
111
179
77
151
42
86
73
15
199
18
60
191
158
5
97
61
102
34
64
136
178
99
81
194
96
21
101
187
116
158
157
129
159
142
150
147
124
169
11
97
194
15
5
7
126
15
138
20
183
187
47
42
143
40
18
20
49
169
122
165
84
101
149
144
180
20
198
27
181
197
177
183
7
93
83
106
1
122
122
185
195
130
141
135
21
85
33
76
12
78
125
22
56
34
33
73
43
76
53
54
4
40
167
121
77
70
173
152
170
113
127
20
52
190
169
134
128
84
30
1
41
39
171
122
149
188
60
195
4
119
11
8
194
87
194
121
76
127
175
162
168
143
25
0
124
35
132
11
57
174
19
44
112
70
122
90
78
195
0
186
88
94
66
186
35
183
26
41
124
52
55
124
42
6
57
94
146
85
84
169
11
189
20
1
24
82
99
132
17
49
25
139
60
33
131
157
144
50
191
169
39
77
139
28
42
166
44
96
78
160
169
168
26
68
131
195
57
70
189
172
199
49
163
7
113
15
64
84
34
129
158
126
194
51
135
106
38
75
90
75
165
151
189
108
71
194
106
21
9
59
71
66
3
33
66
84
123
8
21
24
21
34
43
93
165
125
62
64
40
77
116
141
3
185
113
144
178
51
149
135
126
184
105
98
47
48
105
1
92
36
122
71
7
28
22
188
136
87
48
132
192
172
185
183
75
8
51
62
199
100
172
30
72
184
148
137
192
125
17
96
145
92
45
88
91
95
111
65
145
124
160
11
124
183
168
61
185
174
166
185
12
131
145
185
197
59
186
189
124
175
108
22
124
17
83
37
111
105
7
38
160
24
176
147
58
151
140
124
93
39
31
174
99
143
142
54
183
180
119
51
180
33
116
35
149
125
102
5
146
11
169
134
192
167
76
46
183
112
148
95
199
193
44
94
171
59
188
44
25
191
177
30
26
48
182
170
49
89
17
182
113
154
30
93
77
39
185
58
142
81
28
53
71
147
88
89
95
99
74
67
60
49
85
138
113
172
48
115
173
57
23
180
36
147
91
153
11
119
72
190
36
105
20
187
87
179
141
81
171
141
38
12
44
134
45
150
193
92
128
61
44
171
26
154
135
103
4
35
66
89
121
172
38
23
190
183
8
9
91
39
92
64
118
87
185
17
93
196
172
80
136
54
153
21
193
148
142
19
156
198
84
156
58
62
83
109
83
164
106
162
44
112
39
85
199
12
157
176
67
144
50
95
45
126
124
166
37
90
70
2
0
113
109
172
184
111
46
3
38
75
71
185
51
144
144
166
36
170
106
51
139
49
105
161
23
160
95
104
172
165
174
125
96
192
172
45
157
9
145
54
154
25
119
83
54
132
40
175
141
189
151
96
20
22
96
78
47
54
49
34
161
142
139
133
165
166
79
102
196
69
46
68
132
98
165
92
125
176
25
112
183
73
116
174
8
168
136
78
192
25
30
112
34
125
59
87
0
73
169
65
181
16
170
61
4
104
31
115
31
26
138
2
145
102
124
7
1
75
137
60
74
137
12
68
6
66
174
187
13
82
134
88
76
131
162
149
186
53
124
65
190
8
179
28
141
76
72
143
164
93
160
135
94
175
136
45
8
111
187
194
118
161
70
134
122
183
39
17
21
7
40
2
112
143
54
119
16
74
156
93
47
44
198
93
61
175
182
81
176
162
190
184
113
26
42
174
190
28
32
96
82
150
46
56
184
165
51
104
6
199
14
16
4
120
113
28
131
41
113
104
58
116
48
3
95
88
178
125
15
0
89
175
187
182
111
1
152
6
29
3
99
92
84
52
88
64
137
92
182
32
81
100
124
1
118
16
136
86
92
113
193
91
15
162
178
126
164
10
121
161
158
58
16
118
176
114
196
155
137
154
15
190
193
82
170
46
118
14
99
57
69
81
151
99
99
106
58
162
2
145
119
27
110
56
124
153
26
191
12
95
178
133
155
126
153
137
9
146
57
34
126
126
21
196
2
33
43
199
50
90
119
79
121
142
76
185
22
86
157
96
199
24
63
179
42
115
134
182
41
158
55
190
28
42
35
128
111
69
0
15
97
37
45
79
3
109
66
164
134
25
28
58
103
103
156
172
127
33
154
22
66
68
139
43
32
173
189
86
30
162
109
173
36
74
90
181
133
60
9
30
152
184
8
47
137
72
184
81
91
93
86
179
147
71
44
82
34
26
13
29
144
164
124
195
86
148
121
125
108
186
111
135
142
31
176
174
137
132
163
16
110
10
155
199
171
77
63
21
174
99
119
94
170
73
112
67
112
176
40
198
0
69
190
100
189
21
8
183
14
58
166
167
12
54
165
181
68
165
139
72
145
47
128
21
44
26
114
46
179
64
48
129
122
40
84
64
69
105
6
21
171
41
139
108
199
110
111
121
76
17
8
136
60
177
5
199
31
5
1
8
145
60
163
57
2
107
134
160
80
38
99
51
78
45
197
179
91
58
163
42
100
163
131
73
23
170
12
44
93
33
41
198
61
160
9
102
96
92
67
99
159
44
27
50
148
81
166
197
114
83
108
43
18
59
69
178
193
101
29
73
96
145
178
87
22
54
120
152
183
108
184
159
114
109
98
100
118
55
54
190
71
64
169
70
191
135
54
40
175
139
181
197
146
53
177
14
28
69
89
186
149
105
167
50
39
186
102
189
181
190
156
64
82
171
107
3
110
21
41
146
26
143
144
63
27
32
161
41
120
25
75
149
82
24
93
2
63
138
142
162
13
4
92
38
67
0
65
93
17
88
45
10
172
184
58
186
106
18
171
54
51
111
90
157
0
86
96
130
57
55
5
171
101
111
170
83
75
125
35
111
46
101
97
46
122
147
182
131
44
182
88
82
131
21
110
59
41
129
10
93
96
56
170
183
173
33
8
88
35
179
31
198
124
78
148
67
74
176
179
56
8
91
183
69
88
120
68
161
112
21
167
158
133
90
88
192
116
164
173
107
5
192
136
126
7
123
76
39
61
83
125
93
3
199
63
45
69
59
95
138
126
187
52
55
178
128
58
169
82
47
93
32
173
13
104
43
21
97
181
102
97
141
3
158
128
140
77
191
33
24
168
14
163
61
160
182
167
199
170
66
57
130
29
23
107
28
143
18
167
164
139
176
118
121
158
191
147
187
85
0
16
109
29
184
104
9
186
155
57
138
139
168
36
130
133
76
19
98
45
2
46
117
111
138
42
29
156
188
188
63
197
149
54
131
156
110
175
19
69
174
86
124
155
176
71
66
174
123
167
72
28
165
14
153
69
22
115
5
53
166
33
81
41
192
63
95
61
185
107
74
146
179
198
119
78
194
26
100
70
166
182
140
3
32
40
132
95
128
149
168
78
50
14
161
132
128
170
20
65
172
129
127
125
53
128
68
144
81
136
152
156
158
79
110
130
109
19
155
119
15
34
172
13
51
14
172
0
13
33
129
35
95
173
93
164
99
27
193
138
26
113
48
41
156
74
171
123
97
62
59
190
140
105
144
72
102
57
55
153
132
29
123
85
82
28
1
119
20
96
43
87
61
95
111
50
163
98
178
119
64
187
90
114
7
21
59
114
38
15
73
191
180
162
157
123
35
43
154
26
169
124
51
41
3
192
107
154
172
45
186
178
83
191
178
39
98
4
34
113
132
97
120
90
110
185
153
135
53
100
67
3
148
174
112
91
144
116
9
70
50
124
134
160
63
114
30
154
22
157
45
174
106
15
61
155
22
172
96
92
88
80
18
60
46
149
42
137
63
35
64
198
155
9
71
51
91
46
87
21
76
170
1
172
126
183
45
99
12
44
41
38
194
102
164
157
169
131
127
115
152
4
80
21
95
140
92
88
107
10
98
151
7
50
61
170
196
75
83
14
128
162
63
133
193
33
46
83
17
197
120
171
54
172
139
142
74
192
28
58
190
125
34
102
55
104
140
111
164
83
138
107
60
153
64
9
149
78
118
138
127
106
137
134
67
143
188
92
28
0
45
157
192
44
57
104
38
182
170
27
117
35
184
47
124
148
115
177
123
79
169
158
0
82
180
64
37
94
78
17
10
39
145
23
4
180
132
116
172
195
53
32
66
185
122
22
185
22
23
91
40
179
188
126
186
174
128
133
85
77
129
165
70
74
44
64
10
192
154
153
178
137
99
97
127
30
128
191
193
113
137
157
119
137
13
193
114
5
70
125
31
39
14
53
64
71
32
157
8
175
22
189
175
171
64
34
53
196
63
46
183
32
144
4
78
66
43
53
174
53
184
192
184
197
51
17
24
57
12
87
184
72
160
62
101
88
100
1
112
175
30
41
29
180
77
78
84
84
123
25
193
4
141
92
32
183
47
166
14
61
147
27
103
174
141
141
2
113
182
174
59
18
115
194
41
198
89
12
133
107
136
152
107
76
129
114
7
173
189
95
190
104
131
115
143
0
180
177
116
133
69
55
192
109
15
56
87
61
16
21
102
9
160
10
73
109
59
63
25
16
94
19
66
115
98
0
190
69
89
43
150
0
84
139
148
65
116
103
13
11
42
0
80
96
74
94
139
188
119
147
163
30
109
107
68
155
183
130
78
22
55
32
125
112
65
71
62
182
47
75
172
2
54
108
131
73
137
79
24
23
164
157
40
117
83
76
154
173
95
170
197
15
89
145
113
20
74
35
178
153
21
80
116
86
132
191
96
176
102
89
139
190
112
198
195
149
149
94
160
138
21
192
193
148
112
51
120
173
112
6
89
108
184
78
17
178
51
157
149
114
113
164
9
131
126
8
53
150
29
131
129
52
82
129
155
105
68
181
16
42
80
170
67
29
161
74
77
167
31
191
22
60
121
165
130
88
192
111
113
125
37
188
100
48
198
18
72
29
19
24
109
96
194
90
40
151
5
80
142
142
8
81
19
60
41
184
162
61
0
150
81
84
11
74
108
119
167
76
8
48
24
153
117
166
151
90
101
148
70
185
137
12
59
1
120
32
132
141
17
71
42
115
46
194
56
38
108
88
148
148
44
138
167
126
31
170
191
8
26
113
51
132
197
113
58
1
58
75
132
150
108
139
81
88
146
125
114
33
141
80
5
107
124
78
41
192
34
174
56
153
63
102
122
191
120
74
32
148
25
50
108
177
140
133
141
168
163
143
177
8
106
91
171
61
3
37
173
175
96
2
146
48
117
90
126
130
73
136
167
34
198
116
197
130
145
155
74
135
15
49
53
72
116
60
54
59
132
27
102
47
8
179
38
16
154
59
2
77
38
154
67
17
144
120
140
23
140
125
19
139
193
30
65
14
36
24
46
8
147
133
43
68
78
152
10
75
143
0
62
165
53
89
126
69
93
31
183
177
137
127
102
8
146
35
128
77
29
128
60
48
71
7
97
65
35
141
19
100
41
188
124
4
69
188
60
148
177
108
174
98
59
99
77
114
95
199
77
66
73
120
44
31
185
70
68
3
72
86
20
88
190
63
65
163
138
144
150
120
76
159
48
11
98
48
62
41
117
160
33
93
188
184
183
175
6
100
41
167
192
100
124
28
72
19
95
61
157
89
21
76
119
58
188
26
183
141
49
151
178
173
54
107
84
106
129
147
188
167
160
26
88
40
15
160
133
51
75
127
112
56
56
8
65
53
84
168
155
154
25
75
44
51
83
106
149
153
100
112
63
113
35
55
154
98
172
53
44
56
169
28
175
79
128
163
149
63
137
114
162
137
42
3
13
122
177
108
108
61
8
191
175
88
105
105
112
8
143
137
114
44
173
18
10
23
155
37
171
174
125
40
11
189
11
179
8
148
92
191
184
76
158
44
166
41
115
180
59
170
19
167
74
159
80
19
9
96
106
76
191
170
4
163
1
135
55
133
94
114
102
162
50
89
86
79
12
87
182
50
134
179
57
103
140
116
19
6
162
49
98
64
104
48
48
33
133
193
52
42
15
69
141
108
177
173
170
127
115
5
12
85
120
83
147
10
181
29
59
171
111
72
50
53
161
27
137
7
66
166
165
87
158
75
42
161
91
29
43
78
91
18
60
148
158
131
130
31
102
192
197
146
35
48
13
146
126
85
89
160
186
134
55
52
149
26
88
45
141
178
191
102
88
16
110
62
11
47
89
172
100
124
75
144
145
101
90
124
127
145
121
11
192
192
49
190
192
25
99
50
112
78
109
178
9
77
64
42
1
154
68
145
31
128
114
113
151
83
145
198
78
37
6
137
28
76
112
85
183
66
35
38
149
2
163
156
155
196
87
50
127
187
187
113
148
110
24
57
117
65
145
115
136
114
155
199
131
41
198
174
176
52
39
71
108
97
164
118
177
145
182
17
7
52
92
36
76
135
94
95
32
35
166
55
160
162
110
63
128
11
143
67
136
81
106
132
101
0
139
27
155
11
0
180
159
142
67
66
123
156
123
106
67
54
45
33
5
184
53
24
178
137
122
91
199
8
92
187
147
60
78
129
136
126
162
103
66
198
107
45
147
139
55
120
168
115
132
125
47
114
121
77
32
145
27
190
64
161
196
89
194
8
115
167
65
163
52
33
148
196
104
55
38
5
6
172
83
60
110
35
125
143
50
98
15
149
92
32
58
50
2
177
53
28
37
46
199
61
53
18
95
129
154
59
13
64
146
132
100
24
128
67
152
169
106
46
73
189
147
191
193
85
171
69
65
138
187
159
84
186
96
190
196
161
44
71
92
73
101
152
151
14
32
168
99
96
36
163
182
16
116
139
177
198
128
38
72
21
82
77
85
14
26
39
135
38
185
10
73
90
197
12
177
97
169
104
121
109
192
167
71
91
197
118
169
75
59
5
16
98
194
158
105
161
119
141
3
17
71
124
46
126
180
119
88
18
42
137
125
119
63
72
21
130
11
189
146
198
30
10
179
66
86
74
131
150
146
164
1
181
43
142
157
9
92
160
127
42
110
70
173
152
39
193
173
84
156
27
158
13
174
140
95
162
93
103
156
34
141
166
38
87
58
165
139
16
54
114
192
30
27
39
53
188
35
97
136
94
185
83
26
71
164
160
89
119
151
19
12
151
166
157
163
79
157
122
3
196
159
142
112
109
6
32
121
184
179
8
159
106
103
129
196
95
96
14
132
148
182
17
94
98
44
3
179
39
138
179
95
192
41
95
12
95
165
94
166
29
166
74
52
82
9
106
22
40
88
49
32
45
64
45
24
115
183
46
165
87
113
113
17
3
181
170
181
7
39
170
188
35
10
35
0
165
47
2
1
155
154
168
188
33
167
92
191
141
1
104
0
86
52
116
140
169
144
128
187
88
7
168
186
40
13
79
48
148
150
67
12
155
60
84
148
112
174
68
52
124
87
42
104
52
190
56
95
20
70
9
109
116
146
90
68
83
25
182
141
50
134
110
21
56
177
21
118
54
27
71
106
168
70
106
11
12
13
7
27
97
7
141
86
165
9
132
86
14
88
67
165
143
118
34
158
168
155
146
129
184
82
188
30
192
186
123
162
116
24
97
142
127
48
39
80
44
31
137
134
198
119
161
80
62
113
36
10
50
72
115
149
58
14
36
27
152
32
170
137
193
118
21
71
74
181
20
119
35
56
100
70
32
95
124
193
69
178
98
59
44
74
176
117
64
103
184
125
165
185
150
179
142
84
5
28
172
41
120
89
107
162
136
142
94
131
119
30
100
34
3
112
34
132
118
162
75
183
163
119
40
31
35
174
168
116
126
188
162
134
193
128
134
135
149
110
0
148
47
163
188
191
2
129
39
107
199
144
46
199
39
8
29
91
79
113
7
144
50
114
150
50
178
65
67
61
34
4
15
148
139
12
60
146
197
56
25
113
133
134
173
173
41
117
109
12
164
3
88
143
195
63
90
194
20
9
21
124
152
99
7
87
133
154
29
125
131
168
123
90
108
116
171
153
8
20
93
98
22
23
25
20
125
121
190
19
29
183
136
38
17
39
176
195
33
30
65
44
46
9
52
174
198
95
43
110
159
72
97
86
79
113
130
171
173
41
104
155
128
147
184
148
42
144
76
145
70
119
133
154
152
44
182
164
100
154
114
76
55
141
10
136
23
76
141
116
10
102
127
122
168
194
192
157
145
35
171
30
127
64
24
166
139
33
100
197
148
35
141
81
19
66
164
158
170
56
163
190
85
187
102
197
166
167
20
108
67
12
102
1
172
52
99
149
140
127
193
142
52
183
23
125
7
156
41
115
66
73
17
63
74
124
86
107
63
15
126
196
154
176
184
190
124
69
92
138
105
47
140
125
141
92
19
147
26
35
17
192
75
174
144
142
16
37
149
96
37
114
90
178
93
150
16
141
175
42
113
100
163
65
11
196
196
50
41
125
51
49
183
18
60
187
86
172
64
164
162
30
59
17
53
40
164
133
93
132
188
78
151
125
65
55
65
14
50
29
99
62
118
73
175
9
139
164
138
154
101
17
196
77
15
118
15
171
95
145
161
59
32
174
193
179
194
168
186
17
130
181
125
48
187
166
36
156
3
159
20
183
159
184
7
198
147
157
180
70
72
170
111
0
43
26
13
195
144
170
104
168
96
187
23
159
42
112
46
163
107
17
134
13
76
90
111
187
20
142
55
144
160
65
166
42
181
98
171
46
143
60
135
49
174
90
141
178
124
104
4
169
15
79
97
64
115
189
59
109
22
127
154
48
115
137
11
2
137
131
104
110
98
69
15
10
19
185
119
52
192
21
83
193
6
175
57
70
163
140
33
172
96
80
187
70
59
140
25
7
109
26
91
59
163
113
143
18
44
46
17
164
119
1
9
155
77
35
15
162
2
145
153
22
76
198
120
102
114
26
127
73
73
159
9
19
33
88
162
30
160
172
187
64
155
151
153
123
135
114
194
144
62
127
193
77
100
24
83
146
37
71
22
156
181
146
4
169
32
195
2
173
77
75
9
190
134
190
81
170
31
29
166
137
165
148
67
28
152
171
93
18
95
52
22
24
106
93
80
168
17
25
192
197
74
12
118
59
53
171
189
31
144
123
171
140
23
161
15
2
100
77
8
92
67
101
94
189
47
129
76
156
64
21
185
4
43
163
120
166
16
88
145
95
125
74
50
21
140
102
55
80
39
142
21
188
25
60
165
7
49
80
159
37
198
192
167
146
191
0
25
45
172
186
81
68
141
154
173
144
150
34
40
117
103
49
77
105
122
138
81
50
23
126
19
104
88
114
109
159
123
8
196
99
83
96
25
195
33
25
71
97
123
59
61
187
86
75
132
94
134
100
69
165
61
9
72
51
132
81
41
189
185
36
112
178
106
118
160
87
5
1
135
120
12
32
89
42
106
153
22
124
120
142
158
178
119
175
186
37
119
79
25
111
160
118
98
123
186
90
150
167
67
150
40
176
16
116
13
68
129
145
33
73
90
59
25
60
101
148
34
37
14
154
67
82
79
174
191
142
129
93
188
81
117
9
155
127
23
55
169
89
87
12
111
29
17
61
24
8
76
101
65
158
160
46
184
64
78
152
72
193
184
78
151
149
69
199
15
18
92
14
169
7
10
193
188
151
22
181
48
43
109
137
128
139
6
131
129
92
9
122
10
114
60
153
77
164
107
151
175
189
147
155
175
81
135
103
169
193
197
96
109
124
197
62
174
199
162
121
12
74
42
174
41
151
115
32
158
120
182
5
178
132
49
58
19
163
2
149
196
15
54
73
16
119
182
78
55
24
49
35
97
3
56
49
149
152
58
121
69
31
14
190
118
58
186
61
48
158
120
146
162
114
187
194
103
121
12
178
140
159
53
182
21
56
71
53
25
123
53
74
132
86
6
18
148
49
49
19
191
68
127
0
28
2
131
196
14
53
130
37
192
36
196
190
141
7
175
172
19
53
79
77
192
62
144
138
114
114
5
122
78
31
147
92
56
79
86
114
154
4
91
163
187
161
103
39
15
10
107
143
103
70
53
122
3
194
5
165
154
122
100
188
1
8
144
143
42
24
9
22
43
101
126
61
76
123
9
122
5
131
69
146
34
170
165
23
32
138
138
144
124
146
10
120
29
148
24
145
155
105
179
151
138
27
62
170
152
40
148
68
4
42
101
133
194
105
131
184
9
110
141
152
143
141
128
34
59
59
157
196
174
185
142
64
159
107
182
134
70
44
97
48
157
81
176
131
122
161
155
116
96
46
111
154
171
189
198
46
13
42
186
9
171
122
190
0
113
16
36
24
108
95
57
93
132
40
22
61
89
22
54
147
183
18
140
1
28
117
182
137
26
7
10
63
162
73
73
46
174
101
194
0
174
167
189
107
179
52
167
108
15
89
73
187
131
170
92
104
72
33
43
121
165
175
89
62
115
58
0
73
52
179
155
76
32
137
51
36
197
199
14
53
52
172
34
58
128
0
138
7
12
61
175
140
156
84
191
126
9
106
136
196
112
137
48
157
12
149
6
149
191
197
95
123
154
12
101
167
199
146
3
11
154
63
25
193
78
139
146
77
199
95
32
41
42
146
198
82
89
61
20
110
76
175
34
82
188
73
169
28
153
142
59
71
35
41
4
1
165
42
184
129
48
149
95
91
23
121
194
97
177
50
155
189
77
146
115
86
184
166
129
158
126
8
107
1
190
0
50
150
12
198
165
4
7
65
10
195
121
24
61
136
193
44
121
157
37
152
128
123
128
29
101
159
141
23
37
187
22
114
15
74
114
71
174
106
123
41
150
88
93
66
117
176
48
199
61
160
138
68
93
199
189
16
125
82
172
157
155
141
60
108
146
16
53
44
187
62
159
107
24
171
144
41
142
32
1
169
26
83
3
28
128
160
107
62
161
7
97
13
6
193
20
106
15
96
124
21
183
162
136
24
64
41
51
194
132
174
33
31
49
120
105
124
179
98
132
179
5
107
22
93
32
55
100
153
47
76
150
1
35
190
111
131
36
16
0
157
154
81
52
103
167
198
117
145
95
110
63
72
41
21
106
163
117
94
136
194
169
0
59
81
24
133
124
160
135
115
196
122
27
123
139
158
81
99
5
78
82
74
115
33
42
20
61
40
21
132
51
69
177
127
18
52
127
166
61
86
197
186
23
24
120
169
179
107
104
114
128
172
22
19
69
115
20
185
89
9
174
137
14
47
83
133
174
127
72
11
107
139
123
184
162
197
15
6
94
155
12
79
117
83
20
159
126
90
189
136
89
26
147
164
27
190
157
90
36
90
73
191
102
6
43
64
193
198
164
49
144
149
84
119
159
77
70
26
92
50
76
122
183
133
146
191
51
71
132
17
99
195
60
198
84
33
139
98
82
92
56
85
107
37
37
54
182
81
175
122
103
176
132
177
72
100
97
111
155
154
108
169
65
110
105
117
153
191
103
160
151
49
102
194
56
77
27
180
13
155
155
42
190
109
116
164
85
18
124
8
164
93
163
172
64
53
43
44
38
177
74
2
179
177
144
192
42
188
58
10
164
102
94
16
136
189
148
155
114
64
42
156
122
182
126
67
78
25
81
167
121
74
186
137
93
36
24
132
52
42
72
25
26
67
32
144
116
144
91
167
55
49
153
90
169
66
18
162
3
31
78
137
194
100
86
62
74
14
75
197
166
143
5
168
81
57
126
44
139
84
178
21
188
181
62
161
8
115
130
38
121
140
140
58
59
185
174
179
35
115
35
72
33
71
151
199
95
49
151
45
31
34
108
20
199
46
149
20
176
29
70
18
58
85
186
34
171
162
52
122
29
48
81
155
37
23
92
145
154
18
175
149
65
129
131
179
11
197
163
92
69
130
54
124
198
123
134
129
36
135
110
175
136
74
50
118
80
58
85
103
156
147
46
186
36
81
110
103
67
52
19
169
85
52
21
115
171
1
151
68
78
182
18
81
192
26
0
193
146
182
9
116
13
28
171
1
188
20
30
114
197
160
124
173
93
151
90
105
60
136
158
126
166
45
105
112
128
91
3
61
58
171
101
25
42
12
13
79
178
150
47
12
93
157
6
37
77
54
123
13
20
51
144
185
36
28
0
195
84
88
70
48
21
49
9
143
45
46
138
48
32
176
177
65
145
75
5
86
45
73
7
156
141
116
98
56
102
165
104
179
78
133
167
80
132
127
15
119
170
133
75
9
166
182
40
137
29
99
17
171
140
70
165
6
182
18
94
2
101
122
107
86
100
13
162
110
135
149
15
38
165
62
5
69
39
177
38
118
187
188
59
179
120
192
64
143
57
193
143
172
165
65
168
95
152
24
174
196
10
99
58
44
44
20
118
57
140
74
50
159
5
63
164
11
164
151
131
72
134
90
192
92
126
146
75
170
67
137
122
39
53
181
128
33
197
75
111
27
9
199
86
164
196
108
185
133
104
105
192
105
142
136
30
45
162
69
125
24
99
41
102
195
9
162
133
65
171
151
89
101
88
122
178
64
134
68
119
29
172
53
28
40
28
71
13
177
98
0
177
149
130
98
20
21
174
131
43
86
124
32
100
90
153
117
89
125
146
37
42
43
87
180
6
69
186
189
162
103
185
186
32
162
167
197
50
88
142
144
195
92
68
0
104
185
80
163
77
29
175
20
199
49
144
17
103
12
49
143
92
25
147
31
59
93
155
69
59
114
3
99
168
171
160
134
105
133
128
137
168
48
49
133
146
9
68
24
109
115
171
97
22
125
94
44
87
156
193
17
199
104
84
191
158
103
114
185
48
130
130
169
101
28
161
68
3
19
134
176
172
64
3
14
1
146
145
123
120
160
170
148
127
58
87
116
87
64
9
152
169
28
153
185
159
144
9
134
156
96
29
107
30
107
16
112
52
58
196
99
54
17
196
41
140
102
13
13
117
54
145
15
3
0
9
134
152
74
120
98
62
139
193
69
41
100
83
100
75
32
81
195
29
103
123
6
29
142
39
142
60
96
187
113
86
139
64
20
14
42
162
102
122
31
29
112
161
99
40
50
117
169
118
195
154
197
34
10
178
133
124
80
39
128
94
11
95
17
28
149
51
173
14
164
89
125
189
174
23
27
51
193
182
137
130
10
197
127
179
4
193
150
61
42
130
105
53
191
59
39
97
107
41
10
37
171
141
71
152
167
75
145
180
162
12
13
80
93
86
171
44
153
120
116
30
57
52
188
6
62
173
42
164
116
5
1
86
182
36
169
113
55
85
50
114
163
199
48
89
68
110
135
174
10
4
60
34
10
187
144
54
68
35
152
130
139
94
155
73
43
157
35
87
145
48
101
76
197
84
139
70
164
195
160
36
45
141
152
165
129
11
179
105
48
15
191
139
184
56
59
150
131
22
95
149
70
143
131
17
121
96
55
145
38
159
195
51
6
19
27
151
61
180
145
77
163
198
104
150
14
176
162
76
44
197
97
55
137
148
119
32
53
195
28
33
42
7
93
36
127
34
99
132
25
87
99
177
192
108
177
8
129
112
80
42
67
166
131
115
3
60
56
172
123
165
29
121
11
151
88
46
57
84
96
90
31
185
53
85
28
98
29
32
180
171
5
124
16
132
158
144
135
17
176
15
68
87
181
164
168
47
15
167
163
86
177
39
100
84
144
153
160
198
29
28
124
28
106
178
84
185
20
162
131
3
7
161
1
5
63
63
55
147
57
60
60
13
194
114
182
74
14
182
195
52
123
105
140
166
134
158
82
194
199
72
172
113
15
57
141
195
47
81
176
155
73
165
72
12
83
14
17
91
103
22
80
154
49
40
8
155
152
85
128
161
75
163
39
13
157
151
119
174
36
110
199
127
84
125
46
146
115
64
84
156
181
143
156
163
114
52
10
175
49
21
79
16
113
187
89
49
86
100
72
128
10
13
82
108
33
146
135
52
137
75
148
62
18
16
39
13
79
178
142
100
168
177
98
162
193
177
18
91
136
48
174
108
100
180
105
74
172
104
160
38
125
60
73
166
186
26
189
41
168
8
53
146
96
175
22
19
0
96
26
30
163
139
36
61
18
125
54
21
61
19
181
12
67
85
188
9
132
47
128
65
37
183
50
56
172
170
101
184
57
69
149
167
159
164
48
137
62
133
175
48
183
78
195
57
89
169
148
48
118
35
130
105
82
131
125
199
75
113
158
157
85
60
5
167
134
141
7
2
27
39
102
65
1
24
111
82
171
83
157
71
77
163
133
64
174
82
69
152
176
168
56
30
64
82
197
132
199
97
30
112
38
29
32
34
130
156
24
25
63
87
104
198
121
168
152
106
50
67
50
71
60
27
110
129
23
50
64
138
87
141
36
186
28
1
4
11
89
102
95
147
148
97
116
121
158
97
22
50
4
86
66
185
77
16
154
179
30
35
128
102
52
21
13
29
139
189
71
137
170
196
15
134
51
13
129
155
80
29
83
13
146
139
71
156
12
181
32
20
185
22
17
82
150
166
39
91
11
74
187
110
96
147
131
65
136
33
141
21
126
72
143
27
81
96
71
76
197
65
177
89
47
105
155
156
127
87
159
135
176
102
188
174
42
42
15
79
83
109
53
173
8
110
128
9
23
50
21
95
95
190
29
119
142
120
91
106
139
56
120
60
10
119
191
3
196
1
92
173
87
141
71
127
71
138
64
164
172
76
35
79
47
94
132
73
137
53
71
17
161
12
114
119
145
102
157
139
27
196
96
94
133
166
150
139
19
124
40
193
127
138
104
38
97
8
129
33
102
6
156
157
46
64
32
197
72
49
29
126
139
156
28
24
92
122
23
88
115
152
115
197
2
115
57
39
8
14
120
58
32
89
32
46
35
67
121
47
126
28
196
193
12
110
175
145
103
91
142
71
66
99
97
156
199
118
95
105
41
7
